3.533162726045241442e+01 2.094064400971065609e+01
3.603148496966202430e+01 2.010206062060780141e+01
3.313732698154720424e+01 2.178031614184624232e+01
3.383718469075682123e+01 2.094173275274338764e+01
3.453704239996642400e+01 2.010314936364054006e+01
3.523690010917603388e+01 1.926456597453768538e+01
3.593675781838565086e+01 1.842598258543483425e+01
3.663661552759525364e+01 1.758739919633197246e+01
3.164288441185160750e+01 2.178140488487898452e+01
3.234274212106121382e+01 2.094282149577612273e+01
3.304259983027083081e+01 2.010423810667327160e+01
3.374245753948044779e+01 1.926565471757042047e+01
3.444231524869005057e+01 1.842707132846756934e+01
3.514217295789966045e+01 1.758848793936471822e+01
3.584203066710926322e+01 1.674990455026185998e+01
3.654188837631888020e+01 1.591132116115901063e+01
3.014844184215600720e+01 2.178249362791171961e+01
3.084829955136561708e+01 2.094391023880887204e+01
3.154815726057523406e+01 2.010532684970601025e+01
3.224801496978484039e+01 1.926674346060315912e+01
3.294787267899445027e+01 1.842816007150030444e+01
3.364773038820406015e+01 1.758957668239745331e+01
3.434758809741367713e+01 1.675099329329459508e+01
3.504744580662328701e+01 1.591240990419174572e+01
3.574730351583288979e+01 1.507382651508889104e+01
3.644716122504249967e+01 1.423524312598603814e+01
2.865399927246041045e+01 2.178358237094445471e+01
2.935385698167001323e+01 2.094499898184160358e+01
3.005371469087962666e+01 2.010641559273875245e+01
3.075357240008924364e+01 1.926783220363589422e+01
3.145343010929884997e+01 1.842924881453304309e+01
3.215328781850845985e+01 1.759066542543018841e+01
3.285314552771806973e+01 1.675208203632734083e+01
3.355300323692767961e+01 1.591349864722448260e+01
3.425286094613729659e+01 1.507491525812162969e+01
3.495271865534690647e+01 1.423633186901877679e+01
3.565257636455651635e+01 1.339774847991592210e+01
3.635243407376612623e+01 1.255916509081306920e+01
2.715955670276481015e+01 2.178467111397719691e+01
2.785941441197442359e+01 2.094608772487434223e+01
2.855927212118403347e+01 2.010750433577149110e+01
2.925912983039364335e+01 1.926892094666863287e+01
2.995898753960325323e+01 1.843033755756577818e+01
3.065884524881285955e+01 1.759175416846292350e+01
3.135870295802247654e+01 1.675317077936007237e+01
3.205856066723208642e+01 1.591458739025721947e+01
3.275841837644169630e+01 1.507600400115436656e+01
3.345827608565130618e+01 1.423742061205151366e+01
3.415813379486091605e+01 1.339883722294866075e+01
3.485799150407053304e+01 1.256025383384580429e+01
3.555784921328014292e+01 1.172167044474295317e+01
3.625770692248974569e+01 1.088308705564010026e+01
2.566511413306920986e+01 2.178575985700992845e+01
2.636497184227882329e+01 2.094717646790707732e+01
2.706482955148843317e+01 2.010859307880422620e+01
2.776468726069804305e+01 1.927000968970137151e+01
2.846454496990765648e+01 1.843142630059852038e+01
2.916440267911726636e+01 1.759284291149566926e+01
2.986426038832687624e+01 1.675425952239280747e+01
3.056411809753648257e+01 1.591567613328995456e+01
3.126397580674609600e+01 1.507709274418710343e+01
3.196383351595570943e+01 1.423850935508425231e+01
3.266369122516531576e+01 1.339992596598139940e+01
3.336354893437493274e+01 1.256134257687854472e+01
3.406340664358454262e+01 1.172275918777569181e+01
3.476326435279415250e+01 1.088417579867283713e+01
3.546312206200376238e+01 1.004559240956998245e+01
3.616297977121337226e+01 9.207009020467129545e+00
3.686283748042298214e+01 8.368425631364276640e+00
2.417067156337360956e+01 2.178684860004267065e+01
2.487052927258322654e+01 2.094826521093981597e+01
2.557038698179283998e+01 2.010968182183696129e+01
2.627024469100244275e+01 1.927109843273411016e+01
2.697010240021205618e+01 1.843251504363125548e+01
2.766996010942166961e+01 1.759393165452840435e+01
2.836981781863127594e+01 1.675534826542554967e+01
2.906967552784089293e+01 1.591676487632269499e+01
2.976953323705049570e+01 1.507818148721984208e+01
3.046939094626010913e+01 1.423959809811698918e+01
3.116924865546972256e+01 1.340101470901413272e+01
3.186910636467932534e+01 1.256243131991127981e+01
3.256896407388894232e+01 1.172384793080842869e+01
3.326882178309855220e+01 1.088526454170557756e+01
3.396867949230816208e+01 1.004668115260272110e+01
3.466853720151777196e+01 9.208097763499868194e+00
3.536839491072738184e+01 8.369514374397015288e+00
3.606825261993699172e+01 7.530930985294160607e+00
3.676811032914660160e+01 6.692347596191308590e+00
2.267622899367801637e+01 2.178793734307540575e+01
2.337608670288762625e+01 2.094935395397255107e+01
2.407594441209723612e+01 2.011077056486969639e+01
2.477580212130684600e+01 1.927218717576684881e+01
2.547565983051645944e+01 1.843360378666399413e+01
2.617551753972607287e+01 1.759502039756113945e+01
2.687537524893568275e+01 1.675643700845828832e+01
2.757523295814528907e+01 1.591785361935543364e+01
2.827509066735489895e+01 1.507927023025257895e+01
2.897494837656450528e+01 1.424068684114972783e+01
2.967480608577412227e+01 1.340210345204687314e+01
3.037466379498373570e+01 1.256352006294401846e+01
3.107452150419333847e+01 1.172493667384116556e+01
3.177437921340295546e+01 1.088635328473831088e+01
3.247423692261256178e+01 1.004776989563545975e+01
3.317409463182217877e+01 9.209186506532605065e+00
3.387395234103178865e+01 8.370603117429752160e+00
3.457381005024139142e+01 7.532019728326897479e+00
3.527366775945100841e+01 6.693436339224045462e+00
3.597352546866061829e+01 5.854852950121191668e+00
3.667338317787022106e+01 5.016269561018338763e+00
2.118178642398241251e+01 2.178902608610815150e+01
2.188164413319202595e+01 2.095044269700528972e+01
2.258150184240163938e+01 2.011185930790243503e+01
2.328135955161124571e+01 1.927327591879958035e+01
2.398121726082085914e+01 1.843469252969673278e+01
2.468107497003046902e+01 1.759610914059387810e+01
2.538093267924007534e+01 1.675752575149102697e+01
2.608079038844968878e+01 1.591894236238817406e+01
2.678064809765930221e+01 1.508035897328531760e+01
2.748050580686891564e+01 1.424177558418246470e+01
2.818036351607852197e+01 1.340319219507961002e+01
2.888022122528813185e+01 1.256460880597675711e+01
2.958007893449774173e+01 1.172602541687390243e+01
3.027993664370735516e+01 1.088744202777104775e+01
3.097979435291696859e+01 1.004885863866819662e+01
3.167965206212657847e+01 9.210275249565343714e+00
3.237950977133618125e+01 8.371691860462489032e+00
3.307936748054579823e+01 7.533108471359637015e+00
3.377922518975540100e+01 6.694525082256782333e+00
3.447908289896501799e+01 5.855941693153929428e+00
3.517894060817463497e+01 5.017358304051075635e+00
3.587879831738423775e+01 4.178774914948222730e+00
3.657865602659384763e+01 3.340191525845369380e+00
1.968734385428681577e+01 2.179011482914088305e+01
2.038720156349642920e+01 2.095153144003802836e+01
2.108705927270603908e+01 2.011294805093518079e+01
2.178691698191564896e+01 1.927436466183231900e+01
2.248677469112525884e+01 1.843578127272946432e+01
2.318663240033487227e+01 1.759719788362661319e+01
2.388649010954448570e+01 1.675861449452376206e+01
2.458634781875408848e+01 1.592003110542090738e+01
2.528620552796370191e+01 1.508144771631805447e+01
2.598606323717331179e+01 1.424286432721519979e+01
2.668592094638291812e+01 1.340428093811234866e+01
2.738577865559253866e+01 1.256569754900949576e+01
2.808563636480214143e+01 1.172711415990664285e+01
2.878549407401175486e+01 1.088853077080378817e+01
2.948535178322136474e+01 1.004994738170093349e+01
3.018520949243097462e+01 9.211363992598080586e+00
3.088506720164059161e+01 8.372780603495225904e+00
3.158492491085019438e+01 7.534197214392374775e+00
3.228478262005980781e+01 6.695613825289520982e+00
3.298464032926941769e+01 5.857030436186667188e+00
3.368449803847902757e+01 5.018447047083813395e+00
3.438435574768863745e+01 4.179863657980960490e+00
3.508421345689824733e+01 3.341280268878106252e+00
3.578407116610786431e+01 2.502696879775253347e+00
3.648392887531747419e+01 1.664113490672399998e+00
3.718378658452707697e+01 8.255301015695468703e-01
1.819290128459121902e+01 2.179120357217361814e+01
1.889275899380082535e+01 2.095262018307076701e+01
1.959261670301043878e+01 2.011403679396791233e+01
2.029247441222005222e+01 1.927545340486506475e+01
2.099233212142965854e+01 1.843687001576220297e+01
2.169218983063926842e+01 1.759828662665935184e+01
2.239204753984887830e+01 1.675970323755650071e+01
2.309190524905849173e+01 1.592111984845364425e+01
2.379176295826809806e+01 1.508253645935079135e+01
2.449162066747771505e+01 1.424395307024793844e+01
2.519147837668732848e+01 1.340536968114508554e+01
2.589133608589693125e+01 1.256678629204223085e+01
2.659119379510654468e+01 1.172820290293937795e+01
2.729105150431615812e+01 1.088961951383652327e+01
2.799090921352576800e+01 1.005103612473367392e+01
2.869076692273538143e+01 9.212452735630817457e+00
2.939062463194498775e+01 8.373869346527964552e+00
3.009048234115459763e+01 7.535285957425111647e+00
3.079034005036421107e+01 6.696702568322257854e+00
3.149019775957381739e+01 5.858119179219404060e+00
3.219005546878343438e+01 5.019535790116552043e+00
3.288991317799303715e+01 4.180952401013698250e+00
3.358977088720265414e+01 3.342369011910844456e+00
3.428962859641226402e+01 2.503785622807991107e+00
3.498948630562187390e+01 1.665202233705137536e+00
3.568934401483149088e+01 8.266188446022839642e-01
3.638826629712705341e+01 0.000000000000000000e+00
1.669845871489561873e+01 2.179229231520635679e+01
1.739831642410522861e+01 2.095370892610350566e+01
1.809817413331484204e+01 2.011512553700065098e+01
1.879803184252445192e+01 1.927654214789779630e+01
1.949788955173405824e+01 1.843795875879494162e+01
2.019774726094367168e+01 1.759937536969208693e+01
2.089760497015328511e+01 1.676079198058923581e+01
2.159746267936289144e+01 1.592220859148638290e+01
2.229732038857250487e+01 1.508362520238352822e+01
2.299717809778211830e+01 1.424504181328067531e+01
2.369703580699172463e+01 1.340645842417782418e+01
2.439689351620133451e+01 1.256787503507496950e+01
2.509675122541094439e+01 1.172929164597211482e+01
2.579660893462055782e+01 1.089070825686926192e+01
2.649646664383017125e+01 1.005212486776640901e+01
2.719632435303977402e+01 9.213541478663556106e+00
2.789618206224938746e+01 8.374958089560701424e+00
2.859603977145900089e+01 7.536374700457848519e+00
2.929589748066861077e+01 6.697791311354995614e+00
2.999575518987822065e+01 5.859207922252141820e+00
3.069561289908783053e+01 5.020624533149288027e+00
3.139547060829744396e+01 4.182041144046435122e+00
3.209532831750705384e+01 3.343457754943581772e+00
3.279518602671666372e+01 2.504874365840727979e+00
3.349504373592627360e+01 1.666290976737874852e+00
3.419490144513588348e+01 8.277075876350218353e-01
3.489390777158786250e+01 0.000000000000000000e+00
1.520401614520002020e+01 2.179338105823909189e+01
1.590387385440963186e+01 2.095479766913624076e+01
1.660373156361924174e+01 2.011621428003338963e+01
1.730358927282885162e+01 1.927763089093053495e+01
1.800344698203846150e+01 1.843904750182768382e+01
1.870330469124807138e+01 1.760046411272482914e+01
1.940316240045768481e+01 1.676188072362197445e+01
2.010302010966729469e+01 1.592329733451912155e+01
2.080287781887690812e+01 1.508471394541626687e+01
2.150273552808651445e+01 1.424613055631341396e+01
2.220259323729612788e+01 1.340754716721056106e+01
2.290245094650573776e+01 1.256896377810770637e+01
2.360230865571534764e+01 1.173038038900485347e+01
2.430216636492496107e+01 1.089179699990200056e+01
2.500202407413456385e+01 1.005321361079914766e+01
2.570188178334418438e+01 9.214630221696292978e+00
2.640173949255378716e+01 8.376046832593441849e+00
2.710159720176340414e+01 7.537463443490586279e+00
2.780145491097301402e+01 6.698880054387733374e+00
2.850131262018262035e+01 5.860296665284878692e+00
2.920117032939223023e+01 5.021713276182026675e+00
2.990102803860184011e+01 4.183129887079173770e+00
3.060088574781145354e+01 3.344546497976319088e+00
3.130074345702106697e+01 2.505963108873465739e+00
3.200060116623067330e+01 1.667379719770612168e+00
3.270045887544028318e+01 8.287963306677593733e-01
3.339954924604867870e+01 0.000000000000000000e+00
1.370957357550441991e+01 2.179446980127183409e+01
1.440943128471403334e+01 2.095588641216897940e+01
1.510928899392364144e+01 2.011730302306612472e+01
1.580914670313325310e+01 1.927871963396327004e+01
1.650900441234286475e+01 1.844013624486041891e+01
1.720886212155247463e+01 1.760155285575756423e+01
1.790871983076208807e+01 1.676296946665471310e+01
1.860857753997169795e+01 1.592438607755185664e+01
1.930843524918130427e+01 1.508580268844900374e+01
2.000829295839091770e+01 1.424721929934615083e+01
2.070815066760052758e+01 1.340863591024329970e+01
2.140800837681013746e+01 1.257005252114044325e+01
2.210786608601974734e+01 1.173146913203759212e+01
2.280772379522936077e+01 1.089288574293473921e+01
2.350758150443897065e+01 1.005430235383188453e+01
2.420743921364858053e+01 9.215718964729029850e+00
2.490729692285819397e+01 8.377135575626176944e+00
2.560715463206780385e+01 7.538552186523324927e+00
2.630701234127741373e+01 6.699968797420470246e+00
2.700687005048702716e+01 5.861385408317617340e+00
2.770672775969663348e+01 5.022802019214763547e+00
2.840658546890624336e+01 4.184218630111910642e+00
2.910644317811586035e+01 3.345635241009056848e+00
2.980630088732546312e+01 2.507051851906203499e+00
3.050615859653508366e+01 1.668468462803349928e+00
3.120601630574468643e+01 8.298850737004968003e-01
3.190519072050947713e+01 0.000000000000000000e+00
1.221513100580882139e+01 2.179555854430457273e+01
1.291498871501843659e+01 2.095697515520171450e+01
1.361484642422804470e+01 2.011839176609885982e+01
1.431470413343765280e+01 1.927980837699601224e+01
1.501456184264726446e+01 1.844122498789315756e+01
1.571441955185687789e+01 1.760264159879030288e+01
1.641427726106648421e+01 1.676405820968744820e+01
1.711413497027609765e+01 1.592547482058459707e+01
1.781399267948570753e+01 1.508689143148174239e+01
1.851385038869532096e+01 1.424830804237888948e+01
1.921370809790493084e+01 1.340972465327603480e+01
1.991356580711453717e+01 1.257114126417318367e+01
2.061342351632415060e+01 1.173255787507032721e+01
2.131328122553376048e+01 1.089397448596747608e+01
2.201313893474337036e+01 1.005539109686461963e+01
2.271299664395298024e+01 9.216807707761770274e+00
2.341285435316259722e+01 8.378224318658915593e+00
2.411271206237220355e+01 7.539640929556062687e+00
2.481256977158181343e+01 6.701057540453208006e+00
2.551242748079141975e+01 5.862474151350355100e+00
2.621228519000103674e+01 5.023890762247500419e+00
2.691214289921064662e+01 4.185307373144647514e+00
2.761200060842026005e+01 3.346723984041794164e+00
2.831185831762986993e+01 2.508140594938940815e+00
2.901171602683947626e+01 1.669557205836087466e+00
2.971157373604908614e+01 8.309738167332341163e-01
3.041083219497028978e+01 0.000000000000000000e+00
1.072068843611322464e+01 2.179664728733730783e+01
1.142054614532283274e+01 2.095806389823445670e+01
1.212040385453244440e+01 2.011948050913159847e+01
1.282026156374205428e+01 1.928089712002874379e+01
1.352011927295166949e+01 1.844231373092588910e+01
1.421997698216127759e+01 1.760373034182304153e+01
1.491983469137088569e+01 1.676514695272018685e+01
1.561969240058049913e+01 1.592656356361733394e+01
1.631955010979010723e+01 1.508798017451448104e+01
1.701940781899972066e+01 1.424939678541162635e+01
1.771926552820933409e+01 1.341081339630877167e+01
1.841912323741894042e+01 1.257223000720592054e+01
1.911898094662855030e+01 1.173364661810306764e+01
1.981883865583816018e+01 1.089506322900021296e+01
2.051869636504777361e+01 1.005647983989736005e+01
2.121855407425738349e+01 9.217896450794505370e+00
2.191841178346699337e+01 8.379313061691652464e+00
2.261826949267660680e+01 7.540729672588798671e+00
2.331812720188621313e+01 6.702146283485946654e+00
2.401798491109582656e+01 5.863562894383091972e+00
2.471784262030543644e+01 5.024979505280239067e+00
2.541770032951504632e+01 4.186396116177384386e+00
2.611755803872465975e+01 3.347812727074531480e+00
2.681741574793426253e+01 2.509229337971678575e+00
2.751727345714387596e+01 1.670645948868825004e+00
2.821713116635349294e+01 8.320625597659715433e-01
2.891647366943109887e+01 0.000000000000000000e+00
9.226245866417624342e+00 2.179773603037004293e+01
9.926103575627235998e+00 2.095915264126719180e+01
1.062596128483684588e+01 2.012056925216434067e+01
1.132581899404645576e+01 1.928198586306148954e+01
1.202567670325606741e+01 1.844340247395862775e+01
1.272553441246567907e+01 1.760481908485577307e+01
1.342539212167528895e+01 1.676623569575292549e+01
1.412524983088489883e+01 1.592765230665006904e+01
1.482510754009450871e+01 1.508906891754721968e+01
1.552496524930412036e+01 1.425048552844436323e+01
1.622482295851373024e+01 1.341190213934151032e+01
1.692468066772334367e+01 1.257331875023865564e+01
1.762453837693295000e+01 1.173473536113580451e+01
1.832439608614256343e+01 1.089615197203294983e+01
1.902425379535217687e+01 1.005756858293009692e+01
1.972411150456178319e+01 9.218985193827244018e+00
2.042396921377139662e+01 8.380401804724389336e+00
2.112382692298100295e+01 7.541818415621536431e+00
2.182368463219061638e+01 6.703235026518683526e+00
2.252354234140022626e+01 5.864651637415830621e+00
2.322340005060983970e+01 5.026068248312976827e+00
2.392325775981944602e+01 4.187484859210123034e+00
2.462311546902905590e+01 3.348901470107270129e+00
2.532297317823867644e+01 2.510318081004415447e+00
2.602283088744827921e+01 1.671734691901562764e+00
2.672268859665789265e+01 8.331513027987090814e-01
2.742211514389190796e+01 0.000000000000000000e+00
7.731803296722027596e+00 2.179882477340278157e+01
8.431661005931637476e+00 2.096024138429992689e+01
9.131518715141247355e+00 2.012165799519707576e+01
9.831376424350859011e+00 1.928307460609422463e+01
1.053123413356046889e+01 1.844449121699137351e+01
1.123109184277008055e+01 1.760590782788851172e+01
1.193094955197969043e+01 1.676732443878566059e+01
1.263080726118930031e+01 1.592874104968280768e+01
1.333066497039891551e+01 1.509015766057995478e+01
1.403052267960852362e+01 1.425157427147710010e+01
1.473038038881813350e+01 1.341299088237424719e+01
1.543023809802774338e+01 1.257440749327139606e+01
1.613009580723735326e+01 1.173582410416853961e+01
1.682995351644696669e+01 1.089724071506568848e+01
1.752981122565657657e+01 1.005865732596283380e+01
1.822966893486618645e+01 9.220073936859982666e+00
1.892952664407579988e+01 8.381490547757126208e+00
1.962938435328540621e+01 7.542907158654274191e+00
2.032924206249501609e+01 6.704323769551420398e+00
2.102909977170462952e+01 5.865740380448567493e+00
2.172895748091423940e+01 5.027156991345712811e+00
2.242881519012384928e+01 4.188573602242861682e+00
2.312867289933346271e+01 3.349990213140007000e+00
2.382853060854306904e+01 2.511406824037154095e+00
2.452838831775267892e+01 1.672823434934300524e+00
2.522824602696229235e+01 8.342400458314468414e-01
2.592775661835271706e+01 0.000000000000000000e+00
6.237360727026427298e+00 2.179991351643552022e+01
6.937218436236038066e+00 2.096133012733266554e+01
7.637076145445650610e+00 2.012274673822981441e+01
8.336933854655258713e+00 1.928416334912695618e+01
9.036791563864870369e+00 1.844557996002410860e+01
9.736649273074480249e+00 1.760699657092125392e+01
1.043650698228409190e+01 1.676841318181839924e+01
1.113636469149370178e+01 1.592982979271554633e+01
1.183622240070331166e+01 1.509124640361269343e+01
1.253608010991292510e+01 1.425266301450983875e+01
1.323593781912253320e+01 1.341407962540698584e+01
1.393579552833214485e+01 1.257549623630413294e+01
1.463565323754175296e+01 1.173691284720128003e+01
1.533551094675136639e+01 1.089832945809842357e+01
1.603536865596097627e+01 1.005974606899557244e+01
1.673522636517058615e+01 9.221162679892715985e+00
1.743508407438019603e+01 8.382579290789866633e+00
1.813494178358980946e+01 7.543995901687011951e+00
1.883479949279941934e+01 6.705412512584159046e+00
1.953465720200902922e+01 5.866829123481304364e+00
2.023451491121864265e+01 5.028245734378451459e+00
2.093437262042824898e+01 4.189662345275596778e+00
2.163423032963786241e+01 3.351078956172745205e+00
2.233408803884747229e+01 2.512495567069890967e+00
2.303394574805708572e+01 1.673912177967037840e+00
2.373380345726669205e+01 8.353287888641842684e-01
2.443339809281352970e+01 0.000000000000000000e+00
4.742918157330828777e+00 2.180100225946825532e+01
5.442775866540439544e+00 2.096241887036540419e+01
6.142633575750050312e+00 2.012383548126254951e+01
6.842491284959661080e+00 1.928525209215969838e+01
7.542348994169272736e+00 1.844666870305684370e+01
8.242206703378881727e+00 1.760808531395399257e+01
8.942064412588493383e+00 1.676950192485113433e+01
9.641922121798103262e+00 1.593091853574828320e+01
1.034177983100771492e+01 1.509233514664543030e+01
1.104163754021732657e+01 1.425375175754257562e+01
1.174149524942693468e+01 1.341516836843972271e+01
1.244135295863654456e+01 1.257658497933686625e+01
1.314121066784615799e+01 1.173800159023401513e+01
1.384106837705576609e+01 1.089941820113116577e+01
1.454092608626537775e+01 1.006083481202831109e+01
1.524078379547498940e+01 9.222251422925456410e+00
1.594064150468459751e+01 8.383668033822601728e+00
1.664049921389420916e+01 7.545084644719749711e+00
1.734035692310382260e+01 6.706501255616895918e+00
1.804021463231342892e+01 5.867917866514043013e+00
1.874007234152304235e+01 5.029334477411189219e+00
1.943993005073265223e+01 4.190751088308335426e+00
2.013978775994226211e+01 3.352167699205482077e+00
2.083964546915187199e+01 2.513584310102628727e+00
2.153950317836148187e+01 1.675000920999775600e+00
2.223936088757109530e+01 8.364175318969219175e-01
2.293903956727433169e+01 0.000000000000000000e+00
3.248475587635229811e+00 2.180209100250099397e+01
3.948333296844840579e+00 2.096350761339814284e+01
4.648191006054451790e+00 2.012492422429528105e+01
5.348048715264062558e+00 1.928634083519243347e+01
6.047906424473671549e+00 1.844775744608958234e+01
6.747764133683282317e+00 1.760917405698672766e+01
7.447621842892894861e+00 1.677059066788387653e+01
8.147479552102504741e+00 1.593200727878102008e+01
8.847337261312114620e+00 1.509342388967816539e+01
9.547194970521726276e+00 1.425484050057531604e+01
1.024705267973133616e+01 1.341625711147246136e+01
1.094691038894094781e+01 1.257767372236960846e+01
1.164676809815055947e+01 1.173909033326675200e+01
1.234662580736016935e+01 1.090050694416390087e+01
1.304648351656977923e+01 1.006192355506104441e+01
1.374634122577938911e+01 9.223340165958193282e+00
1.444619893498899899e+01 8.384756776855340377e+00
1.514605664419861064e+01 7.546173387752485695e+00
1.584591435340822230e+01 6.707589998649631902e+00
1.654577206261783218e+01 5.869006609546780773e+00
1.724562977182744561e+01 5.030423220443926979e+00
1.794548748103705549e+01 4.191839831341074074e+00
1.864534519024666182e+01 3.353256442238219392e+00
1.934520289945627525e+01 2.514673053135366487e+00
2.004506060866588513e+01 1.676089664032512916e+00
2.074491831787549501e+01 8.375062749296594555e-01
2.144468104173514433e+01 0.000000000000000000e+00
1.754033017939630845e+00 2.180317974553372906e+01
2.453890727149240725e+00 2.096459635643088149e+01
3.153748436358852381e+00 2.012601296732802680e+01
3.853606145568463148e+00 1.928742957822516857e+01
4.553463854778073916e+00 1.844884618912232099e+01
5.253321563987683795e+00 1.761026280001946276e+01
5.953179273197294563e+00 1.677167941091661163e+01
6.653036982406904443e+00 1.593309602181375872e+01
7.352894691616516987e+00 1.509451263271090582e+01
8.052752400826125978e+00 1.425592924360805114e+01
8.752610110035737634e+00 1.341734585450519823e+01
9.452467819245347513e+00 1.257876246540234355e+01
1.015232552845495739e+01 1.174017907629949242e+01
1.085218323766457083e+01 1.090159568719663774e+01
1.155204094687417893e+01 1.006301229809378484e+01
1.225189865608379058e+01 9.224428908990930154e+00
1.295175636529340224e+01 8.385845519888079025e+00
1.365161407450301212e+01 7.547262130785224343e+00
1.435147178371262378e+01 6.708678741682370550e+00
1.505132949292223188e+01 5.870095352579517645e+00
1.575118720213184176e+01 5.031511963476663851e+00
1.645104491134145519e+01 4.192928574373810058e+00
1.715090262055106507e+01 3.354345185270957153e+00
1.785076032976067495e+01 2.515761796168104247e+00
1.855061803897028483e+01 1.677178407065250676e+00
1.925047574817989471e+01 8.385950179623969936e-01
1.995032251619595343e+01 1.192849204612143611e-05
2.595904482440325456e-01 2.180426848856647126e+01
9.594481574536427582e-01 2.096568509946361303e+01
1.659305866663253415e+00 2.012710171036076545e+01
2.359163575872864183e+00 1.928851832125790722e+01
3.059021285082474506e+00 1.844993493215505254e+01
3.758878994292085718e+00 1.761135154305220496e+01
4.458736703501696041e+00 1.677276815394935028e+01
5.158594412711306809e+00 1.593418476484649382e+01
5.858452121920918465e+00 1.509560137574364269e+01
6.558309831130527456e+00 1.425701798664079156e+01
7.258167540340139112e+00 1.341843459753793510e+01
7.958025249549749880e+00 1.257985120843508398e+01
8.657882958759358871e+00 1.174126781933222929e+01
9.357740667968970527e+00 1.090268443022937639e+01
1.005759837717858218e+01 1.006410104112652171e+01
1.075745608638819206e+01 9.225517652023668802e+00
1.145731379559780372e+01 8.386934262920814120e+00
1.215717150480741182e+01 7.548350873817962103e+00
1.285702921401702348e+01 6.709767484715108310e+00
1.355688692322663513e+01 5.871184095612254517e+00
1.425674463243624324e+01 5.032600706509401611e+00
1.495660234164585844e+01 4.194017317406547818e+00
1.565646005085546832e+01 3.355433928303694469e+00
1.635631776006507465e+01 2.516850539200841119e+00
1.705617546927468808e+01 1.678267150097987770e+00
1.775603317848430152e+01 8.396837609951345316e-01
1.845589088769390784e+01 1.100371892281073192e-03
0.000000000000000000e+00 2.095212263338808256e+01
1.648632969676545046e-01 2.012819045339350055e+01
8.647210061772653278e-01 1.928960706429065297e+01
1.564578715386876206e+00 1.845102367518779474e+01
2.264436424596486752e+00 1.761244028608493650e+01
2.964294133806097964e+00 1.677385689698208537e+01
3.664151843015707399e+00 1.593527350787923424e+01
4.364009552225319055e+00 1.509669011877637956e+01
5.063867261434928935e+00 1.425810672967352666e+01
5.763724970644540591e+00 1.341952334057067198e+01
6.463582679854149582e+00 1.258093995146781907e+01
7.163440389063761238e+00 1.174235656236496439e+01
7.863298098273372005e+00 1.090377317326211148e+01
8.563155807482983661e+00 1.006518978415926213e+01
9.263013516692591764e+00 9.226606395056407450e+00
9.962871225902203420e+00 8.388023005953552769e+00
1.066272893511181508e+01 7.549439616850698975e+00
1.136258664432142318e+01 6.710856227747846070e+00
1.206244435353103661e+01 5.872272838644991388e+00
1.276230206274064827e+01 5.033689449542140260e+00
1.346215977195025637e+01 4.195106060439286466e+00
1.416201748115986803e+01 3.356522671336432229e+00
1.486187519036947613e+01 2.517939282233579323e+00
1.556173289957908601e+01 1.679355893130725530e+00
1.626159060878870122e+01 8.407725040278719586e-01
1.696144831799831110e+01 2.189114925018570239e-03
7.013614569127708809e-02 1.845211241822053339e+01
7.699938549008881195e-01 1.761352902911768226e+01
1.469851564110498110e+00 1.677494564001482402e+01
2.169709273320109322e+00 1.593636225091197112e+01
2.869566982529719645e+00 1.509777886180911821e+01
3.569424691739330413e+00 1.425919547270626175e+01
4.269282400948940293e+00 1.342061208360341240e+01
4.969140110158551060e+00 1.258202869450055772e+01
5.668997819368162716e+00 1.174344530539770481e+01
6.368855528577771707e+00 1.090486191629484836e+01
7.068713237787383363e+00 1.006627852719199723e+01
7.768570946996994131e+00 9.227695138089144322e+00
8.468428656206604899e+00 8.389111748986289641e+00
9.168286365416214778e+00 7.550528359883436735e+00
9.868144074625824658e+00 6.711944970780582942e+00
1.056800178383543631e+01 5.873361581677730037e+00
1.126785949304504619e+01 5.034778192574877131e+00
1.196771720225465785e+01 4.196194803472023338e+00
1.266757491146426950e+01 3.357611414369169989e+00
1.336743262067387938e+01 2.519028025266316195e+00
1.406729032988349104e+01 1.680444636163463290e+00
1.476714803909310270e+01 8.418612470606094966e-01
1.546700574830271080e+01 3.277857957756124315e-03
0.000000000000000000e+00 1.677536094056523908e+01
6.752667036245101340e-01 1.593745099394470799e+01
1.375124412834120902e+00 1.509886760484185508e+01
2.074982122043731891e+00 1.426028421573900395e+01
2.774839831253342215e+00 1.342170082663614750e+01
3.474697540462952539e+00 1.258311743753329637e+01
4.174555249672564194e+00 1.174453404843043991e+01
4.874412958882174074e+00 1.090595065932758878e+01
5.574270668091785730e+00 1.006736727022473410e+01
6.274128377301395609e+00 9.228783881121881194e+00
6.973986086511006377e+00 8.390200492019026512e+00
7.673843795720616257e+00 7.551617102916175384e+00
8.373701504930227912e+00 6.713033713813320702e+00
9.073559214139837792e+00 5.874450324710467797e+00
9.773416923349447671e+00 5.035866935607613115e+00
1.047327463255905933e+01 4.197283546504761098e+00
1.117313234176866743e+01 3.358700157401907305e+00
1.187299005097828086e+01 2.520116768299053511e+00
1.257284776018789074e+01 1.681533379196200606e+00
1.327270546939750240e+01 8.429499900933468126e-01
1.397256317860711228e+01 4.366600990493621146e-03
0.000000000000000000e+00 1.509668873380874565e+01
5.805395523481328146e-01 1.426137295877173905e+01
1.280397261557743249e+00 1.342278956966888614e+01
1.980254970767354239e+00 1.258420618056603146e+01
2.680112679976964341e+00 1.174562279146317856e+01
3.379970389186574664e+00 1.090703940236032565e+01
4.079828098396186320e+00 1.006845601325747452e+01
4.779685807605796199e+00 9.229872624154618066e+00
5.479543516815407855e+00 8.391289235051765161e+00
6.179401226025018623e+00 7.552705845948911367e+00
6.879258935234628503e+00 6.714122456846059350e+00
7.579116644444239270e+00 5.875539067743204669e+00
8.278974353653850926e+00 5.036955678640351763e+00
8.978832062863460806e+00 4.198372289537497970e+00
9.678689772073070685e+00 3.359788900434645065e+00
1.037854748128268056e+01 2.521205511331791271e+00
1.107840519049229222e+01 1.682622122228938144e+00
1.177826289970190388e+01 8.440387331260845727e-01
1.247812060891151376e+01 5.455344023231175656e-03
0.000000000000000000e+00 1.341801652705225578e+01
4.858124010717551622e-01 1.258529492359876834e+01
1.185670110281365819e+00 1.174671153449591721e+01
1.885527819490976142e+00 1.090812814539306252e+01
2.585385528700586910e+00 1.006954475629020784e+01
3.285243237910197678e+00 9.230961367187358491e+00
3.985100947119808446e+00 8.392377978084503809e+00
4.684958656329419213e+00 7.553794588981650016e+00
5.384816365539029981e+00 6.715211199878796222e+00
6.084674074748640749e+00 5.876627810775942429e+00
6.784531783958250628e+00 5.038044421673088635e+00
7.484389493167861396e+00 4.199461032570235730e+00
8.184247202377473940e+00 3.360877643467381493e+00
8.884104911587083819e+00 2.522294254364528587e+00
9.583962620796691922e+00 1.683710865261675460e+00
1.028382033000630358e+01 8.451274761588222217e-01
1.098367803921591523e+01 6.544087055968730166e-03
3.910852497953776208e-01 1.090921688842580295e+01
1.090942959004988166e+00 1.007063349932294472e+01
1.790800668214598934e+00 9.232050110220093586e+00
2.490658377424209924e+00 8.393466721117240681e+00
3.190516086633820247e+00 7.554883332014387776e+00
3.890373795843431015e+00 6.716299942911533094e+00
4.590231505053041339e+00 5.877716553808681077e+00
5.290089214262652106e+00 5.039133164705826395e+00
5.989946923472262874e+00 4.200549775602973490e+00
6.689804632681873642e+00 3.361966386500120141e+00
7.389662341891483521e+00 2.523382997397266791e+00
8.089520051101095177e+00 1.684799608294413220e+00
8.789377760310706833e+00 8.462162191915596487e-01
9.489235469520316713e+00 7.632830088706227430e-03
2.963580985190001349e-01 9.233138853252830458e+00
9.962158077286108471e-01 8.394555464149979329e+00
1.696073516938221060e+00 7.555972075047124648e+00
2.395931226147832049e+00 6.717388685944271742e+00
3.095788935357442373e+00 5.878805296841417061e+00
3.795646644567053585e+00 5.040221907738564155e+00
4.495504353776663464e+00 4.201638518635710362e+00
5.195362062986274232e+00 3.363055129532857013e+00
5.895219772195885000e+00 2.524471740430004107e+00
6.595077481405496655e+00 1.685888351327150314e+00
7.294935190615105647e+00 8.473049622242971868e-01
7.994792899824717303e+00 8.721573121443752449e-03
2.016309472426225380e-01 7.557060818079861519e+00
9.014886564522330836e-01 6.718477428977008614e+00
1.601346365661843629e+00 5.879894039874154821e+00
2.301204074871454619e+00 5.041310650771301027e+00
3.001061784081064499e+00 4.202727261668448122e+00
3.700919493290676154e+00 3.364143872565594773e+00
4.400777202500285590e+00 2.525560483462741868e+00
5.100634911709897246e+00 1.686977094359888074e+00
5.800492620919506237e+00 8.483937052570348358e-01
6.500350330129117893e+00 9.810316154181335582e-03
1.069037959662450660e-01 5.880982782906893469e+00
8.067615051758557643e-01 5.042399393804038787e+00
1.506619214385466199e+00 4.203816004701185882e+00
2.206476923595076745e+00 3.365232615598332089e+00
2.906334632804687956e+00 2.526649226495479184e+00
3.606192342014298280e+00 1.688065837392625612e+00
4.306050051223908604e+00 8.494824482897722628e-01
5.005907760433519371e+00 1.089905918691883198e-02
1.217664468986751937e-02 4.204904747733922754e+00
7.120343538994780008e-01 3.366321358631070293e+00
1.411892063109088769e+00 2.527737969528216500e+00
2.111749772318699314e+00 1.689154580425363372e+00
2.811607481528309638e+00 8.505711913225096898e-01
3.511465190737920405e+00 1.198780221965638562e-02
6.173072026231006815e-01 1.690243323458100688e+00
1.317164911832711338e+00 8.516599343552473389e-01
