3.532999999999999829e+01 2.094000000000000128e+01
3.603000000000000114e+01 2.010000000000000142e+01
3.314000000000000057e+01 2.178000000000000114e+01
3.384000000000000341e+01 2.094000000000000128e+01
3.453999999999999915e+01 2.010000000000000142e+01
3.524000000000000199e+01 1.926000000000000156e+01
3.593999999999999773e+01 1.842999999999999972e+01
3.664000000000000057e+01 1.758999999999999986e+01
3.164000000000000057e+01 2.178000000000000114e+01
3.234000000000000341e+01 2.094000000000000128e+01
3.303999999999999915e+01 2.010000000000000142e+01
3.374000000000000199e+01 1.926999999999999957e+01
3.443999999999999773e+01 1.842999999999999972e+01
3.514000000000000057e+01 1.758999999999999986e+01
3.584000000000000341e+01 1.675000000000000000e+01
3.653999999999999915e+01 1.591000000000000014e+01
3.014999999999999858e+01 2.178000000000000114e+01
3.085000000000000142e+01 2.094000000000000128e+01
3.155000000000000071e+01 2.010999999999999943e+01
3.225000000000000000e+01 1.926999999999999957e+01
3.295000000000000284e+01 1.842999999999999972e+01
3.364999999999999858e+01 1.758999999999999986e+01
3.435000000000000142e+01 1.675000000000000000e+01
3.504999999999999716e+01 1.591000000000000014e+01
3.575000000000000000e+01 1.507000000000000028e+01
3.645000000000000284e+01 1.424000000000000021e+01
2.864999999999999858e+01 2.178000000000000114e+01
2.935000000000000142e+01 2.094000000000000128e+01
3.005000000000000071e+01 2.010999999999999943e+01
3.075000000000000000e+01 1.926999999999999957e+01
3.144999999999999929e+01 1.842999999999999972e+01
3.214999999999999858e+01 1.758999999999999986e+01
3.285000000000000142e+01 1.675000000000000000e+01
3.354999999999999716e+01 1.591000000000000014e+01
3.425000000000000000e+01 1.507000000000000028e+01
3.495000000000000284e+01 1.424000000000000021e+01
3.564999999999999858e+01 1.340000000000000036e+01
3.635000000000000142e+01 1.256000000000000050e+01
2.716000000000000014e+01 2.178000000000000114e+01
2.785999999999999943e+01 2.094999999999999929e+01
2.855999999999999872e+01 2.010999999999999943e+01
2.926000000000000156e+01 1.926999999999999957e+01
2.996000000000000085e+01 1.842999999999999972e+01
3.066000000000000014e+01 1.758999999999999986e+01
3.135999999999999943e+01 1.675000000000000000e+01
3.206000000000000227e+01 1.591000000000000014e+01
3.275999999999999801e+01 1.508000000000000007e+01
3.346000000000000085e+01 1.424000000000000021e+01
3.415999999999999659e+01 1.340000000000000036e+01
3.485999999999999943e+01 1.256000000000000050e+01
3.556000000000000227e+01 1.172000000000000064e+01
3.625999999999999801e+01 1.088000000000000078e+01
2.567000000000000171e+01 2.178999999999999915e+01
2.635999999999999943e+01 2.094999999999999929e+01
2.705999999999999872e+01 2.010999999999999943e+01
2.776000000000000156e+01 1.926999999999999957e+01
2.846000000000000085e+01 1.842999999999999972e+01
2.916000000000000014e+01 1.758999999999999986e+01
2.985999999999999943e+01 1.675000000000000000e+01
3.055999999999999872e+01 1.591999999999999993e+01
3.126000000000000156e+01 1.508000000000000007e+01
3.196000000000000085e+01 1.424000000000000021e+01
3.265999999999999659e+01 1.340000000000000036e+01
3.335999999999999943e+01 1.256000000000000050e+01
3.406000000000000227e+01 1.172000000000000064e+01
3.475999999999999801e+01 1.088000000000000078e+01
3.546000000000000085e+01 1.005000000000000071e+01
3.615999999999999659e+01 9.210000000000000853e+00
3.685999999999999943e+01 8.369999999999999218e+00
2.417000000000000171e+01 2.178999999999999915e+01
2.487000000000000099e+01 2.094999999999999929e+01
2.557000000000000028e+01 2.010999999999999943e+01
2.626999999999999957e+01 1.926999999999999957e+01
2.696999999999999886e+01 1.842999999999999972e+01
2.767000000000000171e+01 1.758999999999999986e+01
2.837000000000000099e+01 1.676000000000000156e+01
2.907000000000000028e+01 1.591999999999999993e+01
2.976999999999999957e+01 1.508000000000000007e+01
3.046999999999999886e+01 1.424000000000000021e+01
3.117000000000000171e+01 1.340000000000000036e+01
3.187000000000000099e+01 1.256000000000000050e+01
3.257000000000000028e+01 1.172000000000000064e+01
3.327000000000000313e+01 1.089000000000000057e+01
3.396999999999999886e+01 1.005000000000000071e+01
3.467000000000000171e+01 9.210000000000000853e+00
3.536999999999999744e+01 8.369999999999999218e+00
3.607000000000000028e+01 7.530000000000000249e+00
3.677000000000000313e+01 6.690000000000000391e+00
2.267999999999999972e+01 2.178999999999999915e+01
2.337999999999999901e+01 2.094999999999999929e+01
2.407999999999999829e+01 2.010999999999999943e+01
2.478000000000000114e+01 1.926999999999999957e+01
2.548000000000000043e+01 1.842999999999999972e+01
2.617999999999999972e+01 1.760000000000000142e+01
2.687999999999999901e+01 1.676000000000000156e+01
2.757999999999999829e+01 1.591999999999999993e+01
2.828000000000000114e+01 1.508000000000000007e+01
2.896999999999999886e+01 1.424000000000000021e+01
2.967000000000000171e+01 1.340000000000000036e+01
3.037000000000000099e+01 1.256000000000000050e+01
3.107000000000000028e+01 1.172000000000000064e+01
3.176999999999999957e+01 1.089000000000000057e+01
3.246999999999999886e+01 1.005000000000000071e+01
3.317000000000000171e+01 9.210000000000000853e+00
3.386999999999999744e+01 8.369999999999999218e+00
3.457000000000000028e+01 7.530000000000000249e+00
3.527000000000000313e+01 6.690000000000000391e+00
3.596999999999999886e+01 5.849999999999999645e+00
3.667000000000000171e+01 5.019999999999999574e+00
2.117999999999999972e+01 2.178999999999999915e+01
2.187999999999999901e+01 2.094999999999999929e+01
2.257999999999999829e+01 2.010999999999999943e+01
2.328000000000000114e+01 1.926999999999999957e+01
2.398000000000000043e+01 1.842999999999999972e+01
2.467999999999999972e+01 1.760000000000000142e+01
2.537999999999999901e+01 1.676000000000000156e+01
2.607999999999999829e+01 1.591999999999999993e+01
2.678000000000000114e+01 1.508000000000000007e+01
2.748000000000000043e+01 1.424000000000000021e+01
2.817999999999999972e+01 1.340000000000000036e+01
2.887999999999999901e+01 1.256000000000000050e+01
2.957999999999999829e+01 1.173000000000000043e+01
3.028000000000000114e+01 1.089000000000000057e+01
3.098000000000000043e+01 1.005000000000000071e+01
3.167999999999999972e+01 9.210000000000000853e+00
3.238000000000000256e+01 8.369999999999999218e+00
3.307999999999999829e+01 7.530000000000000249e+00
3.378000000000000114e+01 6.690000000000000391e+00
3.447999999999999687e+01 5.860000000000000320e+00
3.517999999999999972e+01 5.019999999999999574e+00
3.588000000000000256e+01 4.179999999999999716e+00
3.657999999999999829e+01 3.339999999999999858e+00
1.969000000000000128e+01 2.178999999999999915e+01
2.039000000000000057e+01 2.094999999999999929e+01
2.108999999999999986e+01 2.010999999999999943e+01
2.178999999999999915e+01 1.926999999999999957e+01
2.248999999999999844e+01 1.844000000000000128e+01
2.319000000000000128e+01 1.760000000000000142e+01
2.389000000000000057e+01 1.676000000000000156e+01
2.458999999999999986e+01 1.591999999999999993e+01
2.528999999999999915e+01 1.508000000000000007e+01
2.598999999999999844e+01 1.424000000000000021e+01
2.669000000000000128e+01 1.340000000000000036e+01
2.739000000000000057e+01 1.257000000000000028e+01
2.808999999999999986e+01 1.173000000000000043e+01
2.878999999999999915e+01 1.089000000000000057e+01
2.948999999999999844e+01 1.005000000000000071e+01
3.019000000000000128e+01 9.210000000000000853e+00
3.089000000000000057e+01 8.369999999999999218e+00
3.157999999999999829e+01 7.530000000000000249e+00
3.228000000000000114e+01 6.700000000000000178e+00
3.297999999999999687e+01 5.860000000000000320e+00
3.367999999999999972e+01 5.019999999999999574e+00
3.438000000000000256e+01 4.179999999999999716e+00
3.507999999999999829e+01 3.339999999999999858e+00
3.578000000000000114e+01 2.500000000000000000e+00
3.647999999999999687e+01 1.659999999999999920e+00
3.717999999999999972e+01 8.299999999999999600e-01
1.819000000000000128e+01 2.178999999999999915e+01
1.889000000000000057e+01 2.094999999999999929e+01
1.958999999999999986e+01 2.010999999999999943e+01
2.028999999999999915e+01 1.928000000000000114e+01
2.098999999999999844e+01 1.844000000000000128e+01
2.169000000000000128e+01 1.760000000000000142e+01
2.239000000000000057e+01 1.676000000000000156e+01
2.308999999999999986e+01 1.591999999999999993e+01
2.378999999999999915e+01 1.508000000000000007e+01
2.448999999999999844e+01 1.424000000000000021e+01
2.519000000000000128e+01 1.341000000000000014e+01
2.589000000000000057e+01 1.257000000000000028e+01
2.658999999999999986e+01 1.173000000000000043e+01
2.728999999999999915e+01 1.089000000000000057e+01
2.798999999999999844e+01 1.005000000000000071e+01
2.869000000000000128e+01 9.210000000000000853e+00
2.939000000000000057e+01 8.369999999999999218e+00
3.008999999999999986e+01 7.540000000000000036e+00
3.078999999999999915e+01 6.700000000000000178e+00
3.148999999999999844e+01 5.860000000000000320e+00
3.218999999999999773e+01 5.019999999999999574e+00
3.289000000000000057e+01 4.179999999999999716e+00
3.359000000000000341e+01 3.339999999999999858e+00
3.428999999999999915e+01 2.500000000000000000e+00
3.499000000000000199e+01 1.669999999999999929e+00
3.568999999999999773e+01 8.299999999999999600e-01
3.639000000000000057e+01 0.000000000000000000e+00
1.669999999999999929e+01 2.178999999999999915e+01
1.739999999999999858e+01 2.094999999999999929e+01
1.810000000000000142e+01 2.012000000000000099e+01
1.880000000000000071e+01 1.928000000000000114e+01
1.950000000000000000e+01 1.844000000000000128e+01
2.019999999999999929e+01 1.760000000000000142e+01
2.089999999999999858e+01 1.676000000000000156e+01
2.160000000000000142e+01 1.591999999999999993e+01
2.230000000000000071e+01 1.508000000000000007e+01
2.300000000000000000e+01 1.425000000000000000e+01
2.369999999999999929e+01 1.341000000000000014e+01
2.439999999999999858e+01 1.257000000000000028e+01
2.510000000000000142e+01 1.173000000000000043e+01
2.580000000000000071e+01 1.089000000000000057e+01
2.650000000000000000e+01 1.005000000000000071e+01
2.719999999999999929e+01 9.210000000000000853e+00
2.789999999999999858e+01 8.369999999999999218e+00
2.860000000000000142e+01 7.540000000000000036e+00
2.930000000000000071e+01 6.700000000000000178e+00
3.000000000000000000e+01 5.860000000000000320e+00
3.069999999999999929e+01 5.019999999999999574e+00
3.139999999999999858e+01 4.179999999999999716e+00
3.210000000000000142e+01 3.339999999999999858e+00
3.279999999999999716e+01 2.500000000000000000e+00
3.350000000000000000e+01 1.669999999999999929e+00
3.418999999999999773e+01 8.299999999999999600e-01
3.489000000000000057e+01 0.000000000000000000e+00
1.519999999999999929e+01 2.178999999999999915e+01
1.590000000000000036e+01 2.094999999999999929e+01
1.660000000000000142e+01 2.012000000000000099e+01
1.730000000000000071e+01 1.928000000000000114e+01
1.800000000000000000e+01 1.844000000000000128e+01
1.869999999999999929e+01 1.760000000000000142e+01
1.939999999999999858e+01 1.676000000000000156e+01
2.010000000000000142e+01 1.591999999999999993e+01
2.080000000000000071e+01 1.508000000000000007e+01
2.150000000000000000e+01 1.425000000000000000e+01
2.219999999999999929e+01 1.341000000000000014e+01
2.289999999999999858e+01 1.257000000000000028e+01
2.360000000000000142e+01 1.173000000000000043e+01
2.430000000000000071e+01 1.089000000000000057e+01
2.500000000000000000e+01 1.005000000000000071e+01
2.569999999999999929e+01 9.210000000000000853e+00
2.639999999999999858e+01 8.380000000000000782e+00
2.710000000000000142e+01 7.540000000000000036e+00
2.780000000000000071e+01 6.700000000000000178e+00
2.850000000000000000e+01 5.860000000000000320e+00
2.919999999999999929e+01 5.019999999999999574e+00
2.989999999999999858e+01 4.179999999999999716e+00
3.060000000000000142e+01 3.339999999999999858e+00
3.130000000000000071e+01 2.509999999999999787e+00
3.200000000000000000e+01 1.669999999999999929e+00
3.270000000000000284e+01 8.299999999999999600e-01
3.339999999999999858e+01 0.000000000000000000e+00
1.371000000000000085e+01 2.178999999999999915e+01
1.441000000000000014e+01 2.096000000000000085e+01
1.510999999999999943e+01 2.012000000000000099e+01
1.581000000000000050e+01 1.928000000000000114e+01
1.651000000000000156e+01 1.844000000000000128e+01
1.721000000000000085e+01 1.760000000000000142e+01
1.791000000000000014e+01 1.676000000000000156e+01
1.860999999999999943e+01 1.591999999999999993e+01
1.930999999999999872e+01 1.508999999999999986e+01
2.001000000000000156e+01 1.425000000000000000e+01
2.071000000000000085e+01 1.341000000000000014e+01
2.141000000000000014e+01 1.257000000000000028e+01
2.210999999999999943e+01 1.173000000000000043e+01
2.280999999999999872e+01 1.089000000000000057e+01
2.351000000000000156e+01 1.005000000000000071e+01
2.421000000000000085e+01 9.220000000000000639e+00
2.491000000000000014e+01 8.380000000000000782e+00
2.560999999999999943e+01 7.540000000000000036e+00
2.630999999999999872e+01 6.700000000000000178e+00
2.701000000000000156e+01 5.860000000000000320e+00
2.771000000000000085e+01 5.019999999999999574e+00
2.841000000000000014e+01 4.179999999999999716e+00
2.910999999999999943e+01 3.350000000000000089e+00
2.980999999999999872e+01 2.509999999999999787e+00
3.051000000000000156e+01 1.669999999999999929e+00
3.121000000000000085e+01 8.299999999999999600e-01
3.191000000000000014e+01 0.000000000000000000e+00
1.222000000000000064e+01 2.180000000000000071e+01
1.291000000000000014e+01 2.096000000000000085e+01
1.360999999999999943e+01 2.012000000000000099e+01
1.431000000000000050e+01 1.928000000000000114e+01
1.500999999999999979e+01 1.844000000000000128e+01
1.571000000000000085e+01 1.760000000000000142e+01
1.641000000000000014e+01 1.676000000000000156e+01
1.710999999999999943e+01 1.592999999999999972e+01
1.780999999999999872e+01 1.508999999999999986e+01
1.851000000000000156e+01 1.425000000000000000e+01
1.921000000000000085e+01 1.341000000000000014e+01
1.991000000000000014e+01 1.257000000000000028e+01
2.060999999999999943e+01 1.173000000000000043e+01
2.130999999999999872e+01 1.089000000000000057e+01
2.201000000000000156e+01 1.006000000000000050e+01
2.271000000000000085e+01 9.220000000000000639e+00
2.341000000000000014e+01 8.380000000000000782e+00
2.410999999999999943e+01 7.540000000000000036e+00
2.480999999999999872e+01 6.700000000000000178e+00
2.551000000000000156e+01 5.860000000000000320e+00
2.621000000000000085e+01 5.019999999999999574e+00
2.691000000000000014e+01 4.190000000000000391e+00
2.760999999999999943e+01 3.350000000000000089e+00
2.830999999999999872e+01 2.509999999999999787e+00
2.901000000000000156e+01 1.669999999999999929e+00
2.971000000000000085e+01 8.299999999999999600e-01
3.041000000000000014e+01 0.000000000000000000e+00
1.072000000000000064e+01 2.180000000000000071e+01
1.141999999999999993e+01 2.096000000000000085e+01
1.211999999999999922e+01 2.012000000000000099e+01
1.282000000000000028e+01 1.928000000000000114e+01
1.351999999999999957e+01 1.844000000000000128e+01
1.422000000000000064e+01 1.760000000000000142e+01
1.491999999999999993e+01 1.676999999999999957e+01
1.561999999999999922e+01 1.592999999999999972e+01
1.632000000000000028e+01 1.508999999999999986e+01
1.701999999999999957e+01 1.425000000000000000e+01
1.771999999999999886e+01 1.341000000000000014e+01
1.842000000000000171e+01 1.257000000000000028e+01
1.912000000000000099e+01 1.173000000000000043e+01
1.982000000000000028e+01 1.090000000000000036e+01
2.051999999999999957e+01 1.006000000000000050e+01
2.121999999999999886e+01 9.220000000000000639e+00
2.192000000000000171e+01 8.380000000000000782e+00
2.262000000000000099e+01 7.540000000000000036e+00
2.332000000000000028e+01 6.700000000000000178e+00
2.401999999999999957e+01 5.860000000000000320e+00
2.471999999999999886e+01 5.019999999999999574e+00
2.542000000000000171e+01 4.190000000000000391e+00
2.612000000000000099e+01 3.350000000000000089e+00
2.682000000000000028e+01 2.509999999999999787e+00
2.751999999999999957e+01 1.669999999999999929e+00
2.821999999999999886e+01 8.299999999999999600e-01
2.892000000000000171e+01 0.000000000000000000e+00
9.230000000000000426e+00 2.180000000000000071e+01
9.929999999999999716e+00 2.096000000000000085e+01
1.063000000000000078e+01 2.012000000000000099e+01
1.133000000000000007e+01 1.928000000000000114e+01
1.202999999999999936e+01 1.844000000000000128e+01
1.273000000000000043e+01 1.760000000000000142e+01
1.342999999999999972e+01 1.676999999999999957e+01
1.413000000000000078e+01 1.592999999999999972e+01
1.483000000000000007e+01 1.508999999999999986e+01
1.551999999999999957e+01 1.425000000000000000e+01
1.621999999999999886e+01 1.341000000000000014e+01
1.692000000000000171e+01 1.257000000000000028e+01
1.762000000000000099e+01 1.173000000000000043e+01
1.832000000000000028e+01 1.090000000000000036e+01
1.901999999999999957e+01 1.006000000000000050e+01
1.971999999999999886e+01 9.220000000000000639e+00
2.042000000000000171e+01 8.380000000000000782e+00
2.112000000000000099e+01 7.540000000000000036e+00
2.182000000000000028e+01 6.700000000000000178e+00
2.251999999999999957e+01 5.860000000000000320e+00
2.321999999999999886e+01 5.030000000000000249e+00
2.392000000000000171e+01 4.190000000000000391e+00
2.462000000000000099e+01 3.350000000000000089e+00
2.532000000000000028e+01 2.509999999999999787e+00
2.601999999999999957e+01 1.669999999999999929e+00
2.671999999999999886e+01 8.299999999999999600e-01
2.742000000000000171e+01 0.000000000000000000e+00
7.730000000000000426e+00 2.180000000000000071e+01
8.429999999999999716e+00 2.096000000000000085e+01
9.130000000000000782e+00 2.012000000000000099e+01
9.830000000000000071e+00 1.928000000000000114e+01
1.052999999999999936e+01 1.844000000000000128e+01
1.123000000000000043e+01 1.760999999999999943e+01
1.192999999999999972e+01 1.676999999999999957e+01
1.263000000000000078e+01 1.592999999999999972e+01
1.333000000000000007e+01 1.508999999999999986e+01
1.402999999999999936e+01 1.425000000000000000e+01
1.473000000000000043e+01 1.341000000000000014e+01
1.542999999999999972e+01 1.257000000000000028e+01
1.612999999999999901e+01 1.174000000000000021e+01
1.682999999999999829e+01 1.090000000000000036e+01
1.753000000000000114e+01 1.006000000000000050e+01
1.823000000000000043e+01 9.220000000000000639e+00
1.892999999999999972e+01 8.380000000000000782e+00
1.962999999999999901e+01 7.540000000000000036e+00
2.032999999999999829e+01 6.700000000000000178e+00
2.103000000000000114e+01 5.870000000000000107e+00
2.173000000000000043e+01 5.030000000000000249e+00
2.242999999999999972e+01 4.190000000000000391e+00
2.312999999999999901e+01 3.350000000000000089e+00
2.382999999999999829e+01 2.509999999999999787e+00
2.453000000000000114e+01 1.669999999999999929e+00
2.523000000000000043e+01 8.299999999999999600e-01
2.592999999999999972e+01 0.000000000000000000e+00
6.240000000000000213e+00 2.180000000000000071e+01
6.940000000000000391e+00 2.096000000000000085e+01
7.639999999999999680e+00 2.012000000000000099e+01
8.339999999999999858e+00 1.928000000000000114e+01
9.039999999999999147e+00 1.844999999999999929e+01
9.740000000000000213e+00 1.760999999999999943e+01
1.043999999999999950e+01 1.676999999999999957e+01
1.114000000000000057e+01 1.592999999999999972e+01
1.183999999999999986e+01 1.508999999999999986e+01
1.253999999999999915e+01 1.425000000000000000e+01
1.324000000000000021e+01 1.341000000000000014e+01
1.393999999999999950e+01 1.258000000000000007e+01
1.464000000000000057e+01 1.174000000000000021e+01
1.533999999999999986e+01 1.090000000000000036e+01
1.603999999999999915e+01 1.006000000000000050e+01
1.673999999999999844e+01 9.220000000000000639e+00
1.744000000000000128e+01 8.380000000000000782e+00
1.812999999999999901e+01 7.540000000000000036e+00
1.882999999999999829e+01 6.709999999999999964e+00
1.953000000000000114e+01 5.870000000000000107e+00
2.023000000000000043e+01 5.030000000000000249e+00
2.092999999999999972e+01 4.190000000000000391e+00
2.162999999999999901e+01 3.350000000000000089e+00
2.232999999999999829e+01 2.509999999999999787e+00
2.303000000000000114e+01 1.669999999999999929e+00
2.373000000000000043e+01 8.399999999999999689e-01
2.442999999999999972e+01 0.000000000000000000e+00
4.740000000000000213e+00 2.180000000000000071e+01
5.440000000000000391e+00 2.096000000000000085e+01
6.139999999999999680e+00 2.012000000000000099e+01
6.839999999999999858e+00 1.928999999999999915e+01
7.540000000000000036e+00 1.844999999999999929e+01
8.240000000000000213e+00 1.760999999999999943e+01
8.939999999999999503e+00 1.676999999999999957e+01
9.640000000000000568e+00 1.592999999999999972e+01
1.033999999999999986e+01 1.508999999999999986e+01
1.103999999999999915e+01 1.425000000000000000e+01
1.174000000000000021e+01 1.341999999999999993e+01
1.243999999999999950e+01 1.258000000000000007e+01
1.314000000000000057e+01 1.174000000000000021e+01
1.383999999999999986e+01 1.090000000000000036e+01
1.453999999999999915e+01 1.006000000000000050e+01
1.524000000000000021e+01 9.220000000000000639e+00
1.593999999999999950e+01 8.380000000000000782e+00
1.664000000000000057e+01 7.549999999999999822e+00
1.733999999999999986e+01 6.709999999999999964e+00
1.803999999999999915e+01 5.870000000000000107e+00
1.873999999999999844e+01 5.030000000000000249e+00
1.944000000000000128e+01 4.190000000000000391e+00
2.014000000000000057e+01 3.350000000000000089e+00
2.083999999999999986e+01 2.509999999999999787e+00
2.153999999999999915e+01 1.679999999999999938e+00
2.223999999999999844e+01 8.399999999999999689e-01
2.294000000000000128e+01 0.000000000000000000e+00
3.250000000000000000e+00 2.180000000000000071e+01
3.950000000000000178e+00 2.096000000000000085e+01
4.650000000000000355e+00 2.012000000000000099e+01
5.349999999999999645e+00 1.928999999999999915e+01
6.049999999999999822e+00 1.844999999999999929e+01
6.750000000000000000e+00 1.760999999999999943e+01
7.450000000000000178e+00 1.676999999999999957e+01
8.150000000000000355e+00 1.592999999999999972e+01
8.849999999999999645e+00 1.508999999999999986e+01
9.550000000000000711e+00 1.425000000000000000e+01
1.025000000000000000e+01 1.341999999999999993e+01
1.094999999999999929e+01 1.258000000000000007e+01
1.165000000000000036e+01 1.174000000000000021e+01
1.234999999999999964e+01 1.090000000000000036e+01
1.305000000000000071e+01 1.006000000000000050e+01
1.375000000000000000e+01 9.220000000000000639e+00
1.444999999999999929e+01 8.380000000000000782e+00
1.515000000000000036e+01 7.549999999999999822e+00
1.584999999999999964e+01 6.709999999999999964e+00
1.655000000000000071e+01 5.870000000000000107e+00
1.725000000000000000e+01 5.030000000000000249e+00
1.794999999999999929e+01 4.190000000000000391e+00
1.864999999999999858e+01 3.350000000000000089e+00
1.935000000000000142e+01 2.509999999999999787e+00
2.005000000000000071e+01 1.679999999999999938e+00
2.073999999999999844e+01 8.399999999999999689e-01
2.144000000000000128e+01 0.000000000000000000e+00
1.750000000000000000e+00 2.180000000000000071e+01
2.450000000000000178e+00 2.096000000000000085e+01
3.149999999999999911e+00 2.012999999999999901e+01
3.850000000000000089e+00 1.928999999999999915e+01
4.549999999999999822e+00 1.844999999999999929e+01
5.250000000000000000e+00 1.760999999999999943e+01
5.950000000000000178e+00 1.676999999999999957e+01
6.650000000000000355e+00 1.592999999999999972e+01
7.349999999999999645e+00 1.508999999999999986e+01
8.050000000000000711e+00 1.425999999999999979e+01
8.750000000000000000e+00 1.341999999999999993e+01
9.449999999999999289e+00 1.258000000000000007e+01
1.015000000000000036e+01 1.174000000000000021e+01
1.084999999999999964e+01 1.090000000000000036e+01
1.155000000000000071e+01 1.006000000000000050e+01
1.225000000000000000e+01 9.220000000000000639e+00
1.294999999999999929e+01 8.390000000000000568e+00
1.365000000000000036e+01 7.549999999999999822e+00
1.434999999999999964e+01 6.709999999999999964e+00
1.505000000000000071e+01 5.870000000000000107e+00
1.575000000000000000e+01 5.030000000000000249e+00
1.644999999999999929e+01 4.190000000000000391e+00
1.714999999999999858e+01 3.350000000000000089e+00
1.785000000000000142e+01 2.520000000000000018e+00
1.855000000000000071e+01 1.679999999999999938e+00
1.925000000000000000e+01 8.399999999999999689e-01
1.994999999999999929e+01 0.000000000000000000e+00
2.600000000000000089e-01 2.180000000000000071e+01
9.599999999999999645e-01 2.096999999999999886e+01
1.659999999999999920e+00 2.012999999999999901e+01
2.359999999999999876e+00 1.928999999999999915e+01
3.060000000000000053e+00 1.844999999999999929e+01
3.759999999999999787e+00 1.760999999999999943e+01
4.459999999999999964e+00 1.676999999999999957e+01
5.160000000000000142e+00 1.592999999999999972e+01
5.860000000000000320e+00 1.509999999999999964e+01
6.559999999999999609e+00 1.425999999999999979e+01
7.259999999999999787e+00 1.341999999999999993e+01
7.959999999999999964e+00 1.258000000000000007e+01
8.660000000000000142e+00 1.174000000000000021e+01
9.359999999999999432e+00 1.090000000000000036e+01
1.006000000000000050e+01 1.006000000000000050e+01
1.075999999999999979e+01 9.230000000000000426e+00
1.146000000000000085e+01 8.390000000000000568e+00
1.216000000000000014e+01 7.549999999999999822e+00
1.285999999999999943e+01 6.709999999999999964e+00
1.356000000000000050e+01 5.870000000000000107e+00
1.425999999999999979e+01 5.030000000000000249e+00
1.496000000000000085e+01 4.190000000000000391e+00
1.566000000000000014e+01 3.359999999999999876e+00
1.635999999999999943e+01 2.520000000000000018e+00
1.705999999999999872e+01 1.679999999999999938e+00
1.776000000000000156e+01 8.399999999999999689e-01
1.846000000000000085e+01 0.000000000000000000e+00
0.000000000000000000e+00 2.094999999999999929e+01
1.600000000000000033e-01 2.012999999999999901e+01
8.599999999999999867e-01 1.928999999999999915e+01
1.560000000000000053e+00 1.844999999999999929e+01
2.259999999999999787e+00 1.760999999999999943e+01
2.959999999999999964e+00 1.676999999999999957e+01
3.660000000000000142e+00 1.593999999999999950e+01
4.360000000000000320e+00 1.509999999999999964e+01
5.059999999999999609e+00 1.425999999999999979e+01
5.759999999999999787e+00 1.341999999999999993e+01
6.459999999999999964e+00 1.258000000000000007e+01
7.160000000000000142e+00 1.174000000000000021e+01
7.860000000000000320e+00 1.090000000000000036e+01
8.560000000000000497e+00 1.007000000000000028e+01
9.259999999999999787e+00 9.230000000000000426e+00
9.960000000000000853e+00 8.390000000000000568e+00
1.066000000000000014e+01 7.549999999999999822e+00
1.135999999999999943e+01 6.709999999999999964e+00
1.206000000000000050e+01 5.870000000000000107e+00
1.275999999999999979e+01 5.030000000000000249e+00
1.346000000000000085e+01 4.200000000000000178e+00
1.416000000000000014e+01 3.359999999999999876e+00
1.485999999999999943e+01 2.520000000000000018e+00
1.556000000000000050e+01 1.679999999999999938e+00
1.626000000000000156e+01 8.399999999999999689e-01
1.696000000000000085e+01 0.000000000000000000e+00
7.000000000000000666e-02 1.844999999999999929e+01
7.700000000000000178e-01 1.760999999999999943e+01
1.469999999999999973e+00 1.676999999999999957e+01
2.169999999999999929e+00 1.593999999999999950e+01
2.870000000000000107e+00 1.509999999999999964e+01
3.569999999999999840e+00 1.425999999999999979e+01
4.269999999999999574e+00 1.341999999999999993e+01
4.969999999999999751e+00 1.258000000000000007e+01
5.669999999999999929e+00 1.174000000000000021e+01
6.370000000000000107e+00 1.090000000000000036e+01
7.070000000000000284e+00 1.007000000000000028e+01
7.769999999999999574e+00 9.230000000000000426e+00
8.470000000000000639e+00 8.390000000000000568e+00
9.169999999999999929e+00 7.549999999999999822e+00
9.869999999999999218e+00 6.709999999999999964e+00
1.057000000000000028e+01 5.870000000000000107e+00
1.126999999999999957e+01 5.030000000000000249e+00
1.197000000000000064e+01 4.200000000000000178e+00
1.266999999999999993e+01 3.359999999999999876e+00
1.336999999999999922e+01 2.520000000000000018e+00
1.407000000000000028e+01 1.679999999999999938e+00
1.476999999999999957e+01 8.399999999999999689e-01
1.547000000000000064e+01 0.000000000000000000e+00
0.000000000000000000e+00 1.678000000000000114e+01
6.800000000000000488e-01 1.593999999999999950e+01
1.379999999999999893e+00 1.509999999999999964e+01
2.069999999999999840e+00 1.425999999999999979e+01
2.770000000000000018e+00 1.341999999999999993e+01
3.470000000000000195e+00 1.258000000000000007e+01
4.169999999999999929e+00 1.174000000000000021e+01
4.870000000000000107e+00 1.091000000000000014e+01
5.570000000000000284e+00 1.007000000000000028e+01
6.269999999999999574e+00 9.230000000000000426e+00
6.969999999999999751e+00 8.390000000000000568e+00
7.669999999999999929e+00 7.549999999999999822e+00
8.369999999999999218e+00 6.709999999999999964e+00
9.070000000000000284e+00 5.870000000000000107e+00
9.769999999999999574e+00 5.040000000000000036e+00
1.047000000000000064e+01 4.200000000000000178e+00
1.116999999999999993e+01 3.359999999999999876e+00
1.186999999999999922e+01 2.520000000000000018e+00
1.257000000000000028e+01 1.679999999999999938e+00
1.326999999999999957e+01 8.399999999999999689e-01
1.397000000000000064e+01 0.000000000000000000e+00
0.000000000000000000e+00 1.509999999999999964e+01
5.799999999999999600e-01 1.425999999999999979e+01
1.280000000000000027e+00 1.341999999999999993e+01
1.979999999999999982e+00 1.258000000000000007e+01
2.680000000000000160e+00 1.175000000000000000e+01
3.379999999999999893e+00 1.091000000000000014e+01
4.080000000000000071e+00 1.007000000000000028e+01
4.780000000000000249e+00 9.230000000000000426e+00
5.480000000000000426e+00 8.390000000000000568e+00
6.179999999999999716e+00 7.549999999999999822e+00
6.879999999999999893e+00 6.709999999999999964e+00
7.580000000000000071e+00 5.879999999999999893e+00
8.279999999999999361e+00 5.040000000000000036e+00
8.980000000000000426e+00 4.200000000000000178e+00
9.679999999999999716e+00 3.359999999999999876e+00
1.038000000000000078e+01 2.520000000000000018e+00
1.108000000000000007e+01 1.679999999999999938e+00
1.177999999999999936e+01 8.399999999999999689e-01
1.248000000000000043e+01 1.000000000000000021e-02
0.000000000000000000e+00 1.341999999999999993e+01
4.899999999999999911e-01 1.258999999999999986e+01
1.189999999999999947e+00 1.175000000000000000e+01
1.889999999999999902e+00 1.091000000000000014e+01
2.589999999999999858e+00 1.007000000000000028e+01
3.290000000000000036e+00 9.230000000000000426e+00
3.990000000000000213e+00 8.390000000000000568e+00
4.679999999999999716e+00 7.549999999999999822e+00
5.379999999999999893e+00 6.719999999999999751e+00
6.080000000000000071e+00 5.879999999999999893e+00
6.780000000000000249e+00 5.040000000000000036e+00
7.480000000000000426e+00 4.200000000000000178e+00
8.179999999999999716e+00 3.359999999999999876e+00
8.880000000000000782e+00 2.520000000000000018e+00
9.580000000000000071e+00 1.679999999999999938e+00
1.027999999999999936e+01 8.499999999999999778e-01
1.098000000000000043e+01 1.000000000000000021e-02
3.900000000000000133e-01 1.091000000000000014e+01
1.090000000000000080e+00 1.007000000000000028e+01
1.790000000000000036e+00 9.230000000000000426e+00
2.490000000000000213e+00 8.390000000000000568e+00
3.189999999999999947e+00 7.549999999999999822e+00
3.890000000000000124e+00 6.719999999999999751e+00
4.589999999999999858e+00 5.879999999999999893e+00
5.290000000000000036e+00 5.040000000000000036e+00
5.990000000000000213e+00 4.200000000000000178e+00
6.690000000000000391e+00 3.359999999999999876e+00
7.389999999999999680e+00 2.520000000000000018e+00
8.089999999999999858e+00 1.679999999999999938e+00
8.789999999999999147e+00 8.499999999999999778e-01
9.490000000000000213e+00 1.000000000000000021e-02
2.999999999999999889e-01 9.230000000000000426e+00
1.000000000000000000e+00 8.390000000000000568e+00
1.699999999999999956e+00 7.559999999999999609e+00
2.399999999999999911e+00 6.719999999999999751e+00
3.100000000000000089e+00 5.879999999999999893e+00
3.799999999999999822e+00 5.040000000000000036e+00
4.500000000000000000e+00 4.200000000000000178e+00
5.200000000000000178e+00 3.359999999999999876e+00
5.900000000000000355e+00 2.520000000000000018e+00
6.599999999999999645e+00 1.689999999999999947e+00
7.290000000000000036e+00 8.499999999999999778e-01
7.990000000000000213e+00 1.000000000000000021e-02
2.000000000000000111e-01 7.559999999999999609e+00
9.000000000000000222e-01 6.719999999999999751e+00
1.600000000000000089e+00 5.879999999999999893e+00
2.299999999999999822e+00 5.040000000000000036e+00
3.000000000000000000e+00 4.200000000000000178e+00
3.700000000000000178e+00 3.359999999999999876e+00
4.400000000000000355e+00 2.529999999999999805e+00
5.099999999999999645e+00 1.689999999999999947e+00
5.799999999999999822e+00 8.499999999999999778e-01
6.500000000000000000e+00 1.000000000000000021e-02
1.100000000000000006e-01 5.879999999999999893e+00
8.100000000000000533e-01 5.040000000000000036e+00
1.510000000000000009e+00 4.200000000000000178e+00
2.209999999999999964e+00 3.370000000000000107e+00
2.910000000000000142e+00 2.529999999999999805e+00
3.609999999999999876e+00 1.689999999999999947e+00
4.309999999999999609e+00 8.499999999999999778e-01
5.009999999999999787e+00 1.000000000000000021e-02
1.000000000000000021e-02 4.200000000000000178e+00
7.099999999999999645e-01 3.370000000000000107e+00
1.409999999999999920e+00 2.529999999999999805e+00
2.109999999999999876e+00 1.689999999999999947e+00
2.810000000000000053e+00 8.499999999999999778e-01
3.509999999999999787e+00 1.000000000000000021e-02
6.199999999999999956e-01 1.689999999999999947e+00
1.320000000000000062e+00 8.499999999999999778e-01
